TECHNOLOGIES	c_inv	c_maint	lifetime	f_min	f	f_max	fmin_perc	f_perc	fmax_perc	c_p_actual	c_p	tau	gwp_constr
UNITS	[Meuro/GW]	[Meuro/(GW*y)]	[y]	[GW or GWh]	[GW or GWh]	[GW or GWh]	[0-1]	[0-1]	[0-1]	[0-1]	[0-1]	[-]	[ktCO2-eq./GW or GWh]
NUCLEAR	0.000000	0.000000	60.000000	0.000000	0.000000	0.000000	0.000000	0.000000	1.000000	0.000000	0.849000	0.025393	0.000000
CCGT	0.000000	0.000000	25.000000	0.000000	0.000000	1000.000000	0.000000	0.000000	1.000000	0.000000	0.850000	0.048263	0.000000
COAL_US	0.000000	0.000000	35.000000	0.000000	0.000000	1000.000000	0.000000	0.000000	1.000000	0.000000	0.868000	0.036934	0.000000
COAL_IGCC	0.000000	0.000000	35.000000	0.000000	0.000000	1000.000000	0.000000	0.000000	1.000000	0.000000	0.856000	0.036934	0.000000
PV	522.870000	6.499815	25.000000	0.601000	0.601000	144.609670	0.000000	0.000534	1.000000	0.080746	1.000000	0.048263	1250.939430
PT_POWER_BLOCK	0.000000	0.000000	25.000000	0.000000	0.000000	0.000000	0.000000	0.000000	1.000000	0.000000	1.000000	0.048263	0.000000
ST_POWER_BLOCK	0.000000	0.000000	25.000000	0.000000	0.000000	8.661900	0.000000	0.000000	1.000000	0.000000	1.000000	0.048263	0.000000
STIRLING_DISH	0.000000	0.000000	30.000000	0.000000	0.000000	0.000000	0.000000	0.000000	0.000000	0.000000	1.000000	0.041639	0.000000
WIND_ONSHORE	342614.792000	952.073797	30.000000	9.067000	329.437300	329.437300	0.000000	0.902507	1.000000	0.248840	1.000000	0.041639	205190.022305
WIND_OFFSHORE	6322.759740	12.430380	30.000000	1.271000	1.271000	138.661900	0.000000	0.006763	1.000000	0.483316	1.000000	0.041639	791.642350
HYDRO_DAM	67072.565723	335.335741	40.000000	15.956000	15.967000	15.967000	0.000000	0.090196	1.000000	0.513104	1.000000	0.033427	27030.214960
HYDRO_RIVER	35.314440	0.353114	40.000000	0.007000	0.007000	0.009000	0.000000	0.000000	1.000000	0.000000	1.000000	0.033427	8.839740
NEW_TIDAL_STREAM	0.000000	0.000000	20.000000	0.000000	0.000000	0.000000	0.000000	0.000000	0.000000	0.000000	1.000000	0.058246	0.000000
TIDAL_STREAM	0.000000	0.000000	20.000000	0.000000	0.000000	0.000000	0.000000	0.000000	1.000000	0.000000	1.000000	0.058246	0.000000
TIDAL_RANGE	0.000000	0.000000	40.000000	0.000000	0.000000	0.000000	0.000000	0.000000	1.000000	0.000000	1.000000	0.033427	0.000000
WAVE	0.000000	0.000000	20.000000	0.000000	0.000000	0.000000	0.000000	0.000000	0.000000	0.000000	1.000000	0.058246	0.000000
GEOTHERMAL	0.000000	0.000000	30.000000	0.000000	0.000000	1.500000	0.000000	0.000000	1.000000	0.000000	0.860000	0.041639	0.000000
IND_COGEN_GAS	0.000000	0.000000	25.000000	0.000000	0.000000	1000.000000	0.000000	0.000000	1.000000	0.000000	0.850000	0.048263	0.000000
IND_COGEN_WOOD	0.000000	0.000000	25.000000	0.000000	0.000000	1000.000000	0.000000	0.000000	1.000000	0.000000	0.850000	0.048263	0.000000
IND_COGEN_WASTE	0.000000	0.000000	25.000000	0.000000	0.000000	1000.000000	0.000000	0.000000	1.000000	0.000000	0.850000	0.048263	0.000000
IND_BOILER_GAS	0.000000	0.000000	17.000000	0.000000	0.000000	1000.000000	0.000000	0.000000	1.000000	0.000000	0.950000	0.067080	0.000000
IND_BOILER_WOOD	791.455356	15.829107	17.000000	0.000000	6.871505	1000.000000	0.000000	0.567107	1.000000	0.771914	0.900000	0.067080	198.380363
IND_BOILER_OIL	0.000000	0.000000	17.000000	0.000000	0.000000	1000.000000	0.000000	0.000000	1.000000	0.000000	0.950000	0.067080	0.000000
IND_BOILER_COAL	0.000000	0.000000	17.000000	0.000000	0.000000	1000.000000	0.000000	0.000000	1.000000	0.000000	0.900000	0.067080	0.000000
IND_BOILER_WASTE	309.253446	6.185069	17.000000	0.000000	2.684974	1000.000000	0.000000	0.214983	1.000000	0.748895	0.900000	0.067080	77.515188
IND_DIRECT_ELEC	3126.805069	14.184318	15.000000	0.000000	9.408343	1000.000000	0.000000	0.217910	1.000000	0.216631	0.950000	0.074944	13.830265
DHN_HP_ELEC	4055.224660	141.096309	25.000000	0.000000	11.762432	1000.000000	0.000000	1.000000	1.000000	0.649897	0.950000	0.048263	2055.955406
DHN_COGEN_GAS	0.000000	0.000000	25.000000	0.000000	0.000000	1000.000000	0.000000	0.000000	1.000000	0.000000	0.850000	0.048263	0.000000
DHN_COGEN_WOOD	0.000000	0.000000	25.000000	0.000000	0.000000	1000.000000	0.000000	0.000000	1.000000	0.000000	0.850000	0.048263	0.000000
DHN_COGEN_WET_BIOMASS	0.000000	0.000000	25.000000	0.000000	0.000000	1000.000000	0.000000	0.000000	1.000000	0.000000	0.750000	0.048263	0.000000
DHN_COGEN_BIO_HYDROLYSIS	0.000000	0.000000	15.000000	0.000000	0.000000	1000.000000	0.000000	0.000000	1.000000	0.000000	0.850000	0.074944	0.000000
DHN_COGEN_WASTE	0.000000	0.000000	25.000000	0.000000	0.000000	1000.000000	0.000000	0.000000	1.000000	0.000000	0.850000	0.048263	0.000000
DHN_BOILER_GAS	0.000000	0.000000	17.000000	0.000000	0.000000	1000.000000	0.000000	0.000000	1.000000	0.000000	0.950000	0.067080	0.000000
DHN_BOILER_WOOD	0.000000	0.000000	17.000000	0.000000	0.000000	1000.000000	0.000000	0.000000	1.000000	0.000000	0.900000	0.067080	0.000000
DHN_BOILER_OIL	0.000000	0.000000	17.000000	0.000000	0.000000	1000.000000	0.000000	0.000000	1.000000	0.000000	0.950000	0.067080	0.000000
DHN_DEEP_GEO	0.000000	0.000000	30.000000	0.000000	0.000000	0.000000	0.000000	0.000000	1.000000	0.000000	0.850000	0.041639	0.000000
DHN_SOLAR	0.000000	0.000000	30.000000	0.000000	0.000000	1000.000000	0.000000	0.000000	1.000000	0.000000	1.000000	0.041639	0.000000
DEC_HP_ELEC	12441.372155	532.271474	18.000000	0.000000	25.285263	1000.000000	0.000000	1.000000	1.000000	0.486558	1.000000	0.063806	4169.286979
DEC_THHP_GAS	0.000000	0.000000	20.000000	0.000000	0.000000	1000.000000	0.000000	0.000000	0.000000	0.000000	1.000000	0.058246	0.000000
DEC_COGEN_GAS	0.000000	0.000000	20.000000	0.000000	0.000000	1000.000000	0.000000	0.000000	1.000000	0.000000	1.000000	0.058246	0.000000
DEC_COGEN_OIL	0.000000	0.000000	20.000000	0.000000	0.000000	1000.000000	0.000000	0.000000	1.000000	0.000000	1.000000	0.058246	0.000000
DEC_ADVCOGEN_GAS	0.000000	0.000000	20.000000	0.000000	0.000000	1000.000000	0.000000	0.000000	1.000000	0.000000	1.000000	0.058246	0.000000
DEC_ADVCOGEN_H2	0.000000	0.000000	20.000000	0.000000	0.000000	1000.000000	0.000000	0.000000	1.000000	0.000000	1.000000	0.058246	0.000000
DEC_BOILER_GAS	0.000000	0.000000	17.000000	0.000000	0.000000	1000.000000	0.000000	0.000000	1.000000	0.000000	1.000000	0.067080	0.000000
DEC_BOILER_WOOD	0.000000	0.000000	17.000000	0.000000	0.000000	1000.000000	0.000000	0.000000	1.000000	0.000000	1.000000	0.067080	0.000000
DEC_BOILER_OIL	0.000000	0.000000	17.000000	0.000000	0.000000	1000.000000	0.000000	0.000000	1.000000	0.000000	1.000000	0.067080	0.000000
DEC_SOLAR	0.000000	0.000000	20.000000	0.000000	0.000000	1000.000000	0.000000	-0.000000	1.000000	0.000000	1.000000	0.058246	0.000000
DEC_DIRECT_ELEC	0.000000	0.000000	15.000000	0.000000	0.000000	1000.000000	0.000000	0.000000	1.000000	0.000000	1.000000	0.074944	0.000000
BIG_SPLIT	4581.818976	184.319468	15.000000	0.000000	19.749220	1000.000000	0.000000	1.000000	1.000000	0.066368	1.000000	0.074944	0.000000
CHILLER_WC	366.608978	14.664359	20.000000	0.000000	3.080748	1000.000000	0.000000	1.000000	1.000000	1.000000	1.000000	0.058246	0.000000
TRAMWAY_TROLLEY	9250.000011	185.000000	30.000000	0.000000	14.800000	1000.000000	0.000000	0.300000	0.300000	0.342466	0.342466	0.041639	0.000000
BUS_COACH_DIESEL	0.000000	0.000000	15.000000	0.000000	0.000000	1000.000000	0.000000	0.000000	1.000000	0.000000	0.296804	0.074944	0.000000
BUS_COACH_HYDIESEL	0.000000	0.000000	15.000000	0.000000	0.000000	1000.000000	0.000000	0.000000	1.000000	0.000000	0.296804	0.074944	0.000000
BUS_COACH_CNG_STOICH	24350.427347	1217.521368	15.000000	0.000000	39.846154	1000.000000	0.000000	0.700000	1.000000	0.296804	0.296804	0.074944	0.000000
BUS_COACH_FC_HYBRIDH2	0.000000	0.000000	15.000000	0.000000	0.000000	1000.000000	0.000000	0.000000	1.000000	0.000000	0.296804	0.074944	0.000000
TRAIN_PUB	0.000000	0.000000	40.000000	0.000000	0.000000	1000.000000	0.000000	0.000000	0.500000	0.000000	0.275073	0.033427	0.000000
CAR_GASOLINE	0.000000	0.000000	10.000000	0.000000	0.000000	1000.000000	0.000000	0.000000	1.000000	0.000000	0.051370	0.108434	0.000000
CAR_DIESEL	0.000000	0.000000	10.000000	0.000000	0.000000	1000.000000	0.000000	0.000000	1.000000	0.000000	0.051370	0.108434	0.000000
CAR_NG	0.000000	0.000000	10.000000	0.000000	0.000000	1000.000000	0.000000	0.000000	1.000000	0.000000	0.051370	0.108434	0.000000
CAR_HEV	0.000000	0.000000	10.000000	0.000000	0.000000	1000.000000	0.000000	0.000000	1.000000	0.000000	0.051370	0.108434	0.000000
CAR_PHEV	0.000000	0.000000	10.000000	0.000000	0.000000	1000.000000	0.000000	0.000000	1.000000	0.000000	0.051370	0.108434	0.000000
CAR_BEV	0.000000	0.000000	10.000000	0.000000	0.000000	1000.000000	0.000000	0.000000	1.000000	0.000000	0.051370	0.108434	0.000000
CAR_FUEL_CELL	142992.357483	883.997358	10.000000	0.000000	328.888889	100000.000000	0.000000	1.000000	1.000000	0.051370	0.051370	0.108434	258506.666736
TRAIN_FREIGHT	1270.389612	25.407792	40.000000	0.000000	12.166667	1000.000000	0.000000	1.000000	1.000000	0.342466	0.342466	0.033427	0.000000
BOAT_FREIGHT_DIESEL	3345.833338	167.291667	40.000000	0.000000	43.800000	1000.000000	0.000000	1.000000	1.000000	0.114155	0.114155	0.033427	0.000000
BOAT_FREIGHT_NG	0.000000	0.000000	40.000000	0.000000	0.000000	1000.000000	0.000000	0.000000	1.000000	0.000000	0.114155	0.033427	0.000000
TRUCK_DIESEL	0.000000	0.000000	15.000000	0.000000	0.000000	1000.000000	0.000000	0.000000	1.000000	0.000000	0.092593	0.074944	0.000000
TRUCK_FUEL_CELL	32579.999855	977.399996	15.000000	0.000000	81.000000	1000.000000	0.000000	1.000000	1.000000	0.092593	0.092593	0.074944	0.000000
TRUCK_NG	0.000000	0.000000	15.000000	0.000000	0.000000	1000.000000	0.000000	0.000000	1.000000	0.000000	0.092593	0.074944	0.000000
TRUCK_ELEC	0.000000	0.000000	15.000000	0.000000	0.000000	1000.000000	0.000000	0.000000	1.000000	0.000000	0.092593	0.074944	0.000000
NON_ENERGY_OIL	0.000000	0.000000	1.000000	0.000000	0.000000	100000.000000	0.000000	0.000000	1.000000	0.000000	1.000000	1.015000	0.000000
NON_ENERGY_NG	0.000000	0.000000	1.000000	0.000000	3.862063	100000.000000	0.000000	1.000000	1.000000	1.000000	1.000000	1.015000	0.000000
DAM_STORAGE	0.000000	0.000000	1.000000	7187.387390	7187.388000	7187.388000	0.000000	-1.000000	1.000000	1.000000	1.000000	1.015000	0.000000
PHS	0.000000	0.000000	50.000000	0.000000	0.000000	1102.001000	0.000000	-1.000000	1.000000	1.000000	1.000000	0.028572	0.000000
BATT_LI	0.000000	0.000000	15.000000	0.000000	0.000000	100000.000000	0.000000	-1.000000	1.000000	1.000000	1.000000	0.074944	0.000000
CAES	0.000000	0.000000	50.000000	0.000000	0.000000	0.000000	0.000000	-1.000000	1.000000	1.000000	1.000000	0.028572	0.000000
BEV_BATT	0.000000	0.000000	1.000000	0.000000	0.000000	100000.000000	0.000000	-1.000000	1.000000	1.000000	1.000000	1.015000	0.000000
PHEV_BATT	0.000000	0.000000	1.000000	0.000000	0.000000	100000.000000	0.000000	-1.000000	1.000000	1.000000	1.000000	1.015000	0.000000
TS_DEC_HP_ELEC	578.529671	4.049708	25.000000	0.000000	30.494168	100000.000000	0.000000	-1.000000	1.000000	1.000000	1.000000	0.048263	0.000000
TS_DEC_DIRECT_ELEC	0.000000	0.000000	25.000000	0.000000	0.000000	100000.000000	0.000000	-1.000000	1.000000	1.000000	1.000000	0.048263	0.000000
TS_DHN_DAILY	0.000000	0.000000	40.000000	0.000000	0.000000	100000.000000	0.000000	-1.000000	1.000000	1.000000	1.000000	0.033427	0.000000
TS_DHN_SEASONAL	1015.183513	5.639908	25.000000	0.000000	1879.969468	100000.000000	0.000000	-1.000000	1.000000	1.000000	1.000000	0.048263	0.000000
TS_DEC_THHP_GAS	0.000000	0.000000	25.000000	0.000000	0.000000	100000.000000	0.000000	-1.000000	1.000000	1.000000	1.000000	0.048263	0.000000
TS_DEC_COGEN_GAS	0.000000	0.000000	25.000000	0.000000	0.000000	100000.000000	0.000000	-1.000000	1.000000	1.000000	1.000000	0.048263	0.000000
TS_DEC_COGEN_OIL	0.000000	0.000000	25.000000	0.000000	0.000000	100000.000000	0.000000	-1.000000	1.000000	1.000000	1.000000	0.048263	0.000000
TS_DEC_ADVCOGEN_GAS	0.000000	0.000000	25.000000	0.000000	0.000000	100000.000000	0.000000	-1.000000	1.000000	1.000000	1.000000	0.048263	0.000000
TS_DEC_ADVCOGEN_H2	0.000000	0.000000	25.000000	0.000000	0.000000	100000.000000	0.000000	-1.000000	1.000000	1.000000	1.000000	0.048263	0.000000
TS_DEC_BOILER_GAS	0.000000	0.000000	25.000000	0.000000	0.000000	100000.000000	0.000000	-1.000000	1.000000	1.000000	1.000000	0.048263	0.000000
TS_DEC_BOILER_WOOD	0.000000	0.000000	25.000000	0.000000	0.000000	100000.000000	0.000000	-1.000000	1.000000	1.000000	1.000000	0.048263	0.000000
TS_DEC_BOILER_OIL	0.000000	0.000000	25.000000	0.000000	0.000000	100000.000000	0.000000	-1.000000	1.000000	1.000000	1.000000	0.048263	0.000000
TS_HIGH_TEMP	0.000000	0.000000	25.000000	0.000000	0.000000	100000.000000	0.000000	-1.000000	1.000000	1.000000	1.000000	0.048263	0.000000
SEASONAL_NG	0.000000	0.000000	30.000000	0.000000	0.000000	100000.000000	0.000000	-1.000000	1.000000	1.000000	1.000000	0.041639	0.000000
SEASONAL_H2	216.988456	1.051640	20.000000	0.000000	35.054678	100000.000000	0.000000	-1.000000	1.000000	1.000000	1.000000	0.058246	0.000000
CO2_STORAGE	0.000000	0.000000	20.000000	0.000000	0.000000	100000.000000	0.000000	-1.000000	1.000000	1.000000	1.000000	0.058246	0.000000
SLF_STO	1.572368	0.098304	20.000000	0.000000	247.616949	100000.000000	0.000000	-1.000000	1.000000	1.000000	1.000000	0.058246	0.000000
PT_STORAGE	0.000000	0.000000	25.000000	0.000000	0.000000	100000.000000	0.000000	-1.000000	1.000000	1.000000	1.000000	0.048263	0.000000
ST_STORAGE	0.000000	0.000000	25.000000	0.000000	0.000000	100000.000000	0.000000	-1.000000	1.000000	1.000000	1.000000	0.048263	0.000000
TS_COLD	6733.111017	80.797332	20.000000	0.000000	269.324441	100000.000000	0.000000	-1.000000	1.000000	1.000000	1.000000	0.058246	0.000000
EFFICIENCY	6541.871921	0.000000	1.000000	0.000000	0.985222	1000.000000	0.000000	-1.000000	1.000000	1.000000	1.000000	1.015000	0.000000
DHN	9714.387215	0.000000	60.000000	0.000000	11.762432	1000.000000	0.000000	-1.000000	1.000000	1.000000	1.000000	0.025393	0.000000
GRID	283747.679940	0.000000	80.000000	0.000000	1.710194	1000.000000	0.000000	-1.000000	1.000000	1.000000	1.000000	0.021548	0.000000
PT_COLLECTOR	0.000000	0.000000	25.000000	0.000000	0.000000	1000.000000	0.000000	-1.000000	1.000000	1.000000	1.000000	0.048263	0.000000
ST_COLLECTOR	0.000000	0.000000	25.000000	0.000000	0.000000	1000.000000	0.000000	-1.000000	1.000000	1.000000	1.000000	0.048263	0.000000
H2_ELECTROLYSIS	6243.779547	171.703938	15.000000	0.000000	8.968338	1000.000000	0.000000	-1.000000	1.000000	0.900000	0.900000	0.074944	0.000000
H2_NG	0.000000	0.000000	25.000000	0.000000	0.000000	1000.000000	0.000000	-1.000000	1.000000	0.860000	0.860000	0.048263	0.000000
H2_BIOMASS	0.000000	0.000000	25.000000	0.000000	0.000000	1000.000000	0.000000	-1.000000	1.000000	0.860000	0.860000	0.048263	0.000000
GASIFICATION_SNG	0.000000	0.000000	25.000000	0.000000	0.000000	1000.000000	0.000000	-1.000000	1.000000	0.850000	0.850000	0.048263	0.000000
PYROLYSIS	846.066386	42.300667	25.000000	0.000000	0.629412	1000.000000	0.000000	-1.000000	1.000000	0.850000	0.850000	0.048263	0.000000
ATM_CCS	0.000000	0.000000	40.000000	0.000000	0.000000	1000.000000	0.000000	-1.000000	1.000000	1.000000	1.000000	0.033427	0.000000
INDUSTRY_CCS	0.000000	0.000000	40.000000	0.000000	0.000000	1000.000000	0.000000	-1.000000	1.000000	1.000000	1.000000	0.033427	0.000000
SYN_METHANOLATION	0.000000	0.000000	20.000000	0.000000	0.000000	1000.000000	0.000000	-1.000000	1.000000	0.950000	0.950000	0.058246	0.000000
SYN_METHANATION	0.000000	0.000000	40.000000	0.000000	0.000000	1000.000000	0.000000	-1.000000	1.000000	1.000000	1.000000	0.033427	0.000000
BIOMETHANATION	1748.064822	24.214837	20.000000	0.000000	1.772800	1000.000000	0.000000	-1.000000	1.000000	0.850000	0.850000	0.058246	0.000000
BIO_HYDROLYSIS	0.000000	0.000000	15.000000	0.000000	0.000000	1000.000000	0.000000	-1.000000	1.000000	0.850000	0.850000	0.074944	0.000000
METHANE_TO_METHANOL	0.000000	0.000000	25.000000	0.000000	0.000000	1000.000000	0.000000	-1.000000	1.000000	0.850000	0.850000	0.048263	0.000000
SLF_TO_DIESEL	0.000000	0.000000	1.000000	0.000000	0.535000	100000.000000	0.000000	-1.000000	1.000000	1.000000	1.000000	1.015000	0.000000
SLF_TO_GASOLINE	0.000000	0.000000	1.000000	0.000000	0.000000	100000.000000	0.000000	-1.000000	1.000000	1.000000	1.000000	1.015000	0.000000
SLF_TO_LFO	0.000000	0.000000	1.000000	0.000000	0.000000	100000.000000	0.000000	-1.000000	1.000000	1.000000	1.000000	1.015000	0.000000