TECHNOLOGIES	c_inv	c_maint	lifetime	f_min	f	f_max	fmin_perc	f_perc	fmax_perc	c_p_actual	c_p	tau	gwp_constr
UNITS	[Meuro/GW]	[Meuro/(GW*y)]	[y]	[GW or GWh]	[GW or GWh]	[GW or GWh]	[0-1]	[0-1]	[0-1]	[0-1]	[0-1]	[-]	[ktCO2-eq./GW or GWh]
NUCLEAR	0.000000	0.000000	60.000000	0.000000	0.000000	0.000000	0.000000	0.000000	1.000000	0.000000	0.849000	0.025393	0.000000
CCGT	0.000000	0.000000	25.000000	0.000000	0.000000	1000.000000	0.000000	0.000000	1.000000	0.000000	0.850000	0.048263	0.000000
COAL_US	77670.745390	916.700861	35.000000	0.000000	30.862069	1000.000000	0.000000	0.237688	1.000000	0.738143	0.868000	0.036934	10233.862201
COAL_IGCC	0.000000	0.000000	35.000000	0.000000	0.000000	1000.000000	0.000000	0.000000	1.000000	0.000000	0.856000	0.036934	0.000000
PV	53313.510586	662.742088	25.000000	7.770000	61.279897	424.999900	0.000000	0.101682	1.000000	0.159032	1.000000	0.048263	127549.816481
PT_POWER_BLOCK	0.000000	0.000000	25.000000	0.000000	0.000000	0.000000	0.000000	0.000000	1.000000	0.000000	1.000000	0.048263	0.000000
ST_POWER_BLOCK	860.451000	86.045100	25.000000	0.000000	17.209020	17.209020	0.000000	0.102986	1.000000	0.573564	1.000000	0.048263	0.000000
STIRLING_DISH	0.000000	0.000000	30.000000	0.000000	0.000000	0.000000	0.000000	0.000000	0.000000	0.000000	1.000000	0.041639	0.000000
WIND_ONSHORE	231472.800000	643.227300	30.000000	11.220000	222.570000	222.570000	0.000000	0.442007	1.000000	0.190336	1.000000	0.041639	138627.724500
WIND_OFFSHORE	0.000000	0.000000	30.000000	0.000000	0.000000	128.722000	0.000000	0.000000	1.000000	0.000000	1.000000	0.041639	0.000000
HYDRO_DAM	68411.233616	333.130552	40.000000	15.420000	15.862000	15.862000	0.000000	0.031584	1.000000	0.190837	1.000000	0.033427	26852.462560
HYDRO_RIVER	99541.315257	995.326313	40.000000	19.731000	19.731000	20.582000	0.000000	0.076256	1.000000	0.370411	1.000000	0.033427	24916.701420
NEW_TIDAL_STREAM	0.000000	0.000000	20.000000	0.000000	0.000000	0.000000	0.000000	0.000000	0.000000	0.000000	1.000000	0.058246	0.000000
TIDAL_STREAM	0.000000	0.000000	20.000000	0.000000	0.000000	0.000000	0.000000	0.000000	1.000000	0.000000	1.000000	0.058246	0.000000
TIDAL_RANGE	0.000000	0.000000	40.000000	0.000000	0.000000	0.000000	0.000000	0.000000	1.000000	0.000000	1.000000	0.033427	0.000000
WAVE	0.000000	0.000000	20.000000	0.000000	0.000000	0.000000	0.000000	0.000000	0.000000	0.000000	1.000000	0.058246	0.000000
GEOTHERMAL	7685.269430	123.634368	30.000000	0.869000	0.869000	2.300000	0.000000	0.007798	1.000000	0.860000	0.860000	0.041639	21663.379210
IND_COGEN_GAS	0.000000	0.000000	25.000000	0.000000	0.000000	1000.000000	0.000000	0.000000	1.000000	0.000000	0.850000	0.048263	0.000000
IND_COGEN_WOOD	0.000000	0.000000	25.000000	0.000000	0.000000	1000.000000	0.000000	0.000000	1.000000	0.000000	0.850000	0.048263	0.000000
IND_COGEN_WASTE	0.000000	0.000000	25.000000	0.000000	0.000000	1000.000000	0.000000	0.000000	1.000000	0.000000	0.850000	0.048263	0.000000
IND_BOILER_GAS	0.000000	0.000000	17.000000	0.000000	0.000000	1000.000000	0.000000	0.000000	1.000000	0.000000	0.950000	0.067080	0.000000
IND_BOILER_WOOD	0.000000	0.000000	17.000000	0.000000	0.000000	1000.000000	0.000000	0.000000	1.000000	0.000000	0.900000	0.067080	0.000000
IND_BOILER_OIL	0.000000	0.000000	17.000000	0.000000	0.000000	1000.000000	0.000000	0.000000	1.000000	0.000000	0.950000	0.067080	0.000000
IND_BOILER_COAL	2041.753166	40.835063	17.000000	0.000000	17.726733	1000.000000	0.000000	0.699083	1.000000	0.900000	0.900000	0.067080	854.074014
IND_BOILER_WASTE	878.861070	17.577221	17.000000	0.000000	7.630372	1000.000000	0.000000	0.300917	1.000000	0.900000	0.900000	0.067080	220.288835
IND_DIRECT_ELEC	0.000000	0.000000	15.000000	0.000000	0.000000	1000.000000	0.000000	0.000000	1.000000	0.000000	0.950000	0.074944	0.000000
DHN_HP_ELEC	18192.759437	632.993586	25.000000	0.000000	52.769231	1000.000000	0.000000	0.944681	1.000000	0.527134	0.950000	0.048263	9223.533898
DHN_COGEN_GAS	0.000000	0.000000	25.000000	0.000000	0.000000	1000.000000	0.000000	0.000000	1.000000	0.000000	0.850000	0.048263	0.000000
DHN_COGEN_WOOD	0.000000	0.000000	25.000000	0.000000	0.000000	1000.000000	0.000000	0.000000	1.000000	0.000000	0.850000	0.048263	0.000000
DHN_COGEN_WET_BIOMASS	0.000000	0.000000	25.000000	0.000000	0.000000	1000.000000	0.000000	0.000000	1.000000	0.000000	0.750000	0.048263	0.000000
DHN_COGEN_BIO_HYDROLYSIS	0.000000	0.000000	15.000000	0.000000	0.000000	1000.000000	0.000000	0.000000	1.000000	0.000000	0.850000	0.074944	0.000000
DHN_COGEN_WASTE	0.000000	0.000000	25.000000	0.000000	0.000000	1000.000000	0.000000	0.000000	1.000000	0.000000	0.850000	0.048263	0.000000
DHN_BOILER_GAS	0.000000	0.000000	17.000000	0.000000	0.000000	1000.000000	0.000000	0.000000	1.000000	0.000000	0.950000	0.067080	0.000000
DHN_BOILER_WOOD	0.000000	0.000000	17.000000	0.000000	0.000000	1000.000000	0.000000	0.000000	1.000000	0.000000	0.900000	0.067080	0.000000
DHN_BOILER_OIL	0.000000	0.000000	17.000000	0.000000	0.000000	1000.000000	0.000000	0.000000	1.000000	0.000000	0.950000	0.067080	0.000000
DHN_DEEP_GEO	2874.478725	109.306844	30.000000	0.000000	1.916319	20.000000	0.000000	0.055319	1.000000	0.850000	0.850000	0.041639	1549.842276
DHN_SOLAR	0.000000	0.000000	30.000000	0.000000	0.000000	1000.000000	0.000000	0.000000	1.000000	0.000000	1.000000	0.041639	0.000000
DEC_HP_ELEC	66680.191055	2852.737072	18.000000	0.000000	135.517701	1000.000000	0.000000	1.000000	1.000000	0.357651	1.000000	0.063806	22345.513731
DEC_THHP_GAS	0.000000	0.000000	20.000000	0.000000	0.000000	1000.000000	0.000000	0.000000	0.000000	0.000000	1.000000	0.058246	0.000000
DEC_COGEN_GAS	0.000000	0.000000	20.000000	0.000000	0.000000	1000.000000	0.000000	0.000000	1.000000	0.000000	1.000000	0.058246	0.000000
DEC_COGEN_OIL	0.000000	0.000000	20.000000	0.000000	0.000000	1000.000000	0.000000	0.000000	1.000000	0.000000	1.000000	0.058246	0.000000
DEC_ADVCOGEN_GAS	0.000000	0.000000	20.000000	0.000000	0.000000	1000.000000	0.000000	0.000000	1.000000	0.000000	1.000000	0.058246	0.000000
DEC_ADVCOGEN_H2	0.000000	0.000000	20.000000	0.000000	0.000000	1000.000000	0.000000	0.000000	1.000000	0.000000	1.000000	0.058246	0.000000
DEC_BOILER_GAS	0.000000	0.000000	17.000000	0.000000	0.000000	1000.000000	0.000000	0.000000	1.000000	0.000000	1.000000	0.067080	0.000000
DEC_BOILER_WOOD	0.000000	0.000000	17.000000	0.000000	0.000000	1000.000000	0.000000	0.000000	1.000000	0.000000	1.000000	0.067080	0.000000
DEC_BOILER_OIL	0.000000	0.000000	17.000000	0.000000	0.000000	1000.000000	0.000000	0.000000	1.000000	0.000000	1.000000	0.067080	0.000000
DEC_SOLAR	0.000000	0.000000	20.000000	0.000000	0.000000	1000.000000	0.000000	-0.000000	1.000000	0.000000	1.000000	0.058246	0.000000
DEC_DIRECT_ELEC	0.000000	0.000000	15.000000	0.000000	0.000000	1000.000000	0.000000	0.000000	1.000000	0.000000	1.000000	0.074944	0.000000
BIG_SPLIT	19976.392506	803.619273	15.000000	0.000000	86.105140	1000.000000	0.000000	1.000000	1.000000	0.132947	1.000000	0.074944	0.000000
CHILLER_WC	587.444079	23.497763	20.000000	0.000000	4.936505	1000.000000	0.000000	1.000000	1.000000	1.000000	1.000000	0.058246	0.000000
TRAMWAY_TROLLEY	43876.531304	877.530626	30.000000	0.000000	70.202450	1000.000000	0.000000	0.300000	0.300000	0.342466	0.342466	0.041639	0.000000
BUS_COACH_DIESEL	0.000000	0.000000	15.000000	0.000000	0.000000	1000.000000	0.000000	0.000000	1.000000	0.000000	0.296804	0.074944	0.000000
BUS_COACH_HYDIESEL	0.000000	0.000000	15.000000	0.000000	0.000000	1000.000000	0.000000	0.000000	1.000000	0.000000	0.296804	0.074944	0.000000
BUS_COACH_CNG_STOICH	115504.030968	5775.201549	15.000000	0.000000	189.006596	1000.000000	0.000000	0.700000	1.000000	0.296804	0.296804	0.074944	0.000000
BUS_COACH_FC_HYBRIDH2	0.000000	0.000000	15.000000	0.000000	0.000000	1000.000000	0.000000	0.000000	1.000000	0.000000	0.296804	0.074944	0.000000
TRAIN_PUB	0.000000	0.000000	40.000000	0.000000	0.000000	1000.000000	0.000000	0.000000	0.500000	0.000000	0.275073	0.033427	0.000000
CAR_GASOLINE	0.000000	0.000000	10.000000	0.000000	0.000000	1000.000000	0.000000	0.000000	1.000000	0.000000	0.051370	0.108434	0.000000
CAR_DIESEL	0.000000	0.000000	10.000000	0.000000	0.000000	1000.000000	0.000000	0.000000	1.000000	0.000000	0.051370	0.108434	0.000000
CAR_NG	0.000000	0.000000	10.000000	0.000000	0.000000	1000.000000	0.000000	0.000000	1.000000	0.000000	0.051370	0.108434	0.000000
CAR_HEV	0.000000	0.000000	10.000000	0.000000	0.000000	1000.000000	0.000000	0.000000	1.000000	0.000000	0.051370	0.108434	0.000000
CAR_PHEV	0.000000	0.000000	10.000000	0.000000	0.000000	1000.000000	0.000000	0.000000	1.000000	0.000000	0.051370	0.108434	0.000000
CAR_BEV	0.000000	0.000000	10.000000	0.000000	0.000000	1000.000000	0.000000	0.000000	1.000000	0.000000	0.051370	0.108434	0.000000
CAR_FUEL_CELL	678271.204501	4193.160831	10.000000	0.000000	1560.054445	100000.000000	0.000000	1.000000	1.000000	0.051370	0.051370	0.108434	1226202.793660
TRAIN_FREIGHT	4497.878575	89.957571	40.000000	0.000000	43.076698	1000.000000	0.000000	1.000000	1.000000	0.342466	0.342466	0.033427	0.000000
BOAT_FREIGHT_DIESEL	9647.923639	482.396182	40.000000	0.000000	126.300091	1000.000000	0.000000	1.000000	1.000000	0.114155	0.114155	0.033427	0.000000
BOAT_FREIGHT_NG	0.000000	0.000000	40.000000	0.000000	0.000000	1000.000000	0.000000	0.000000	1.000000	0.000000	0.114155	0.033427	0.000000
TRUCK_DIESEL	0.000000	0.000000	15.000000	0.000000	0.000000	1000.000000	0.000000	0.000000	1.000000	0.000000	0.092593	0.074944	0.000000
TRUCK_FUEL_CELL	101874.146483	3056.224396	15.000000	0.000000	253.278265	1000.000000	0.000000	1.000000	1.000000	0.092593	0.092593	0.074944	0.000000
TRUCK_NG	0.000000	0.000000	15.000000	0.000000	0.000000	1000.000000	0.000000	0.000000	1.000000	0.000000	0.092593	0.074944	0.000000
TRUCK_ELEC	0.000000	0.000000	15.000000	0.000000	0.000000	1000.000000	0.000000	0.000000	1.000000	0.000000	0.092593	0.074944	0.000000
NON_ENERGY_OIL	0.000000	0.000000	1.000000	0.000000	0.000000	100000.000000	0.000000	0.000000	1.000000	0.000000	1.000000	1.015000	0.000000
NON_ENERGY_NG	0.000001	0.000000	1.000000	0.000000	13.305479	100000.000000	0.000000	1.000000	1.000000	1.000000	1.000000	1.015000	0.000000
DAM_STORAGE	0.000000	0.000000	1.000000	10805.720000	13206.220720	13206.220720	0.000000	-1.000000	1.000000	1.000000	1.000000	1.015000	0.000000
PHS	29047.200000	0.000000	50.000000	494.000000	494.000000	3972.000000	0.000000	-1.000000	1.000000	1.000000	1.000000	0.028572	4115.020000
BATT_LI	0.000000	0.000000	15.000000	0.000000	0.000000	100000.000000	0.000000	-1.000000	1.000000	1.000000	1.000000	0.074944	0.000000
CAES	0.000000	0.000000	50.000000	0.000000	0.000000	0.000000	0.000000	-1.000000	1.000000	1.000000	1.000000	0.028572	0.000000
BEV_BATT	0.000000	0.000000	1.000000	0.000000	0.000000	100000.000000	0.000000	-1.000000	1.000000	1.000000	1.000000	1.015000	0.000000
PHEV_BATT	0.000000	0.000000	1.000000	0.000000	0.000000	100000.000000	0.000000	-1.000000	1.000000	1.000000	1.000000	1.015000	0.000000
TS_DEC_HP_ELEC	3791.214632	26.538502	25.000000	0.000000	199.834062	100000.000000	0.000000	-1.000000	1.000000	1.000000	1.000000	0.048263	0.000000
TS_DEC_DIRECT_ELEC	0.000000	0.000000	25.000000	0.000000	0.000000	100000.000000	0.000000	-1.000000	1.000000	1.000000	1.000000	0.048263	0.000000
TS_DHN_DAILY	0.000000	0.000000	40.000000	0.000000	0.000000	100000.000000	0.000000	-1.000000	1.000000	1.000000	1.000000	0.033427	0.000000
TS_DHN_SEASONAL	8640.754626	48.004192	25.000000	0.000000	16001.397455	100000.000000	0.000000	-1.000000	1.000000	1.000000	1.000000	0.048263	0.000000
TS_DEC_THHP_GAS	0.000000	0.000000	25.000000	0.000000	0.000000	100000.000000	0.000000	-1.000000	1.000000	1.000000	1.000000	0.048263	0.000000
TS_DEC_COGEN_GAS	0.000000	0.000000	25.000000	0.000000	0.000000	100000.000000	0.000000	-1.000000	1.000000	1.000000	1.000000	0.048263	0.000000
TS_DEC_COGEN_OIL	0.000000	0.000000	25.000000	0.000000	0.000000	100000.000000	0.000000	-1.000000	1.000000	1.000000	1.000000	0.048263	0.000000
TS_DEC_ADVCOGEN_GAS	0.000000	0.000000	25.000000	0.000000	0.000000	100000.000000	0.000000	-1.000000	1.000000	1.000000	1.000000	0.048263	0.000000
TS_DEC_ADVCOGEN_H2	0.000000	0.000000	25.000000	0.000000	0.000000	100000.000000	0.000000	-1.000000	1.000000	1.000000	1.000000	0.048263	0.000000
TS_DEC_BOILER_GAS	0.000000	0.000000	25.000000	0.000000	0.000000	100000.000000	0.000000	-1.000000	1.000000	1.000000	1.000000	0.048263	0.000000
TS_DEC_BOILER_WOOD	0.000000	0.000000	25.000000	0.000000	0.000000	100000.000000	0.000000	-1.000000	1.000000	1.000000	1.000000	0.048263	0.000000
TS_DEC_BOILER_OIL	0.000000	0.000000	25.000000	0.000000	0.000000	100000.000000	0.000000	-1.000000	1.000000	1.000000	1.000000	0.048263	0.000000
TS_HIGH_TEMP	0.000000	0.000000	25.000000	0.000000	0.000000	100000.000000	0.000000	-1.000000	1.000000	1.000000	1.000000	0.048263	0.000000
SEASONAL_NG	0.000000	0.000000	30.000000	0.000000	0.000000	100000.000000	0.000000	-1.000000	1.000000	1.000000	1.000000	0.041639	0.000000
SEASONAL_H2	1138.436970	5.517465	20.000000	0.000000	183.915504	100000.000000	0.000000	-1.000000	1.000000	1.000000	1.000000	0.058246	0.000000
CO2_STORAGE	0.000000	0.000000	20.000000	0.000000	0.000000	100000.000000	0.000000	-1.000000	1.000000	1.000000	1.000000	0.058246	0.000000
SLF_STO	2.866249	0.179197	20.000000	0.000000	451.377799	100000.000000	0.000000	-1.000000	1.000000	1.000000	1.000000	0.058246	0.000000
PT_STORAGE	0.000000	0.000000	25.000000	0.000000	0.000000	100000.000000	0.000000	-1.000000	1.000000	1.000000	1.000000	0.048263	0.000000
ST_STORAGE	10916.021337	109.108774	25.000000	0.000000	571.549366	100000.000000	0.000000	-1.000000	1.000000	1.000000	1.000000	0.048263	0.000000
TS_COLD	11194.553998	134.334648	20.000000	0.000000	447.782160	100000.000000	0.000000	-1.000000	1.000000	1.000000	1.000000	0.058246	0.000000
EFFICIENCY	8254.177781	0.000000	1.000000	0.000000	0.985222	1000.000000	0.000000	-1.000000	1.000000	1.000000	1.000000	1.015000	0.000000
DHN	45163.842935	0.000000	60.000000	0.000000	54.685550	1000.000000	0.000000	-1.000000	1.000000	1.000000	1.000000	0.025393	0.000000
GRID	553439.666399	0.000000	80.000000	0.000000	1.213619	1000.000000	0.000000	-1.000000	1.000000	1.000000	1.000000	0.021548	0.000000
PT_COLLECTOR	0.000000	0.000000	25.000000	0.000000	0.000000	1000.000000	0.000000	-1.000000	1.000000	1.000000	1.000000	0.048263	0.000000
ST_COLLECTOR	27076.695571	1353.834779	25.000000	0.000000	270.766956	1000.000000	0.000000	-1.000000	1.000000	1.000000	1.000000	0.048263	0.000000
H2_ELECTROLYSIS	22338.160266	614.299407	15.000000	0.000000	32.085721	1000.000000	0.000000	-1.000000	1.000000	0.900000	0.900000	0.074944	0.000000
H2_NG	4620.892874	437.063421	25.000000	0.000000	6.783026	1000.000000	0.000000	-1.000000	1.000000	0.860000	0.860000	0.048263	0.000000
H2_BIOMASS	0.000000	0.000000	25.000000	0.000000	0.000000	1000.000000	0.000000	-1.000000	1.000000	0.860000	0.860000	0.048263	0.000000
GASIFICATION_SNG	0.000000	0.000000	25.000000	0.000000	0.000000	1000.000000	0.000000	-1.000000	1.000000	0.850000	0.850000	0.048263	0.000000
PYROLYSIS	2439.686339	121.976669	25.000000	0.000000	1.814949	1000.000000	0.000000	-1.000000	1.000000	0.850000	0.850000	0.048263	0.000000
ATM_CCS	0.000000	0.000000	40.000000	0.000000	0.000000	1000.000000	0.000000	-1.000000	1.000000	1.000000	1.000000	0.033427	0.000000
INDUSTRY_CCS	0.000000	0.000000	40.000000	0.000000	0.000000	1000.000000	0.000000	-1.000000	1.000000	1.000000	1.000000	0.033427	0.000000
SYN_METHANOLATION	0.000000	0.000000	20.000000	0.000000	0.000000	1000.000000	0.000000	-1.000000	1.000000	0.950000	0.950000	0.058246	0.000000
SYN_METHANATION	0.000000	0.000000	40.000000	0.000000	0.000000	1000.000000	0.000000	-1.000000	1.000000	1.000000	1.000000	0.033427	0.000000
BIOMETHANATION	6327.018384	87.644186	20.000000	0.000000	6.416546	1000.000000	0.000000	-1.000000	1.000000	0.850000	0.850000	0.058246	0.000000
BIO_HYDROLYSIS	0.000000	0.000000	15.000000	0.000000	0.000000	1000.000000	0.000000	-1.000000	1.000000	0.850000	0.850000	0.074944	0.000000
METHANE_TO_METHANOL	0.000000	0.000000	25.000000	0.000000	0.000000	1000.000000	0.000000	-1.000000	1.000000	0.850000	0.850000	0.048263	0.000000
SLF_TO_DIESEL	0.000000	0.000000	1.000000	0.000000	1.542707	100000.000000	0.000000	-1.000000	1.000000	1.000000	1.000000	1.015000	0.000000
SLF_TO_GASOLINE	0.000000	0.000000	1.000000	0.000000	0.000000	100000.000000	0.000000	-1.000000	1.000000	1.000000	1.000000	1.015000	0.000000
SLF_TO_LFO	0.000000	0.000000	1.000000	0.000000	0.000000	100000.000000	0.000000	-1.000000	1.000000	1.000000	1.000000	1.015000	0.000000