RESOURCES	R_t_local	R_t_exterior	R_t_import	R_t_export
ELECTRICITY	0.000000	0.000000	923.800247	420339.562284
GASOLINE	0.000000	0.000000	0.000000	0.000000
DIESEL	0.000000	0.000000	0.000000	0.000000
BIOETHANOL	0.000000	0.000000	0.000000	0.000000
BIODIESEL	0.000000	0.000000	0.000000	0.000000
LFO	0.000000	0.000000	0.000000	0.000000
NG	0.000000	48375.481038	0.000000	0.000000
SLF	0.000000	0.000000	0.000000	0.000000
SNG	0.000000	0.000000	0.000000	0.000000
WOOD	60788.447060	0.000000	0.000000	0.000000
WET_BIOMASS	44170.740000	0.000000	0.000000	0.000000
COAL	0.000000	0.000000	0.000000	0.000000
URANIUM	0.000000	0.000000	0.000000	0.000000
WASTE	21480.610000	0.000000	0.000000	0.000000
H2	0.000000	0.000000	0.000000	0.000000
CO2_EMISSIONS	0.000000	30676.013647	0.000000	0.000000
RES_WIND	0.000000	723502.368220	0.000000	0.000000
RES_SOLAR	0.000000	425.108431	0.000000	0.000000
RES_HYDRO	0.000000	71768.261299	0.000000	0.000000
RES_GEO	0.000000	0.000000	0.000000	0.000000
CO2_ATM	0.000000	0.000000	0.000000	0.000000
CO2_INDUSTRY	0.000000	0.000000	0.000000	0.000000
CO2_CAPTURED	0.000000	0.000000	-0.000000	0.000000
PT_HEAT	0.000000	0.000000	0.000000	0.000000
ST_HEAT	0.000000	0.000000	0.000000	0.000000